# Created by Octave 3.8.0, Wed May 27 22:14:39 2015 EDT <tianxc@Xinchuns-MBP>
# name: a
# type: matrix
# rows: 3
# columns: 2
 1 2
 3 4
 5 6


